Rank	DocId	Doc_Score	Relevance Level	Precision	Recall	NDCG
1	2530	12.2105590127	0	0.0	0.0	0.0
2	2748	11.9358777855	0	0.0	0.0	0.0
3	2491	11.7281981561	0	0.0	0.0	0.0
4	1947	11.0193020029	1	0.25	0.0909090909091	0.5
5	2559	10.0976189062	0	0.2	0.0909090909091	0.5
6	2897	9.9629529887	1	0.333333333333	0.181818181818	0.443426403617
7	1795	9.7004813255	1	0.428571428571	0.272727272727	0.472479355504
8	2495	9.63450469901	1	0.5	0.363636363636	0.503490481023
9	2033	9.15770726599	0	0.444444444444	0.363636363636	0.503490481023
10	2856	8.67753787165	0	0.4	0.363636363636	0.503490481023
11	2863	8.51416375089	0	0.363636363636	0.363636363636	0.503490481023
12	2680	8.45038803952	0	0.333333333333	0.363636363636	0.503490481023
13	1886	8.18511000474	0	0.307692307692	0.363636363636	0.503490481023
14	1807	8.13970359022	1	0.357142857143	0.454545454545	0.516352089983
15	2716	8.03754777026	0	0.333333333333	0.454545454545	0.516352089983
16	3080	8.0204459081	0	0.3125	0.454545454545	0.516352089983
17	2701	7.9642931121	0	0.294117647059	0.454545454545	0.516352089983
18	3005	7.91363125258	0	0.277777777778	0.454545454545	0.516352089983
19	2586	7.79881752244	0	0.263157894737	0.454545454545	0.516352089983
20	2537	7.74715882958	0	0.25	0.454545454545	0.516352089983
21	2801	7.74465474394	0	0.238095238095	0.454545454545	0.516352089983
22	3129	7.72848846108	0	0.227272727273	0.454545454545	0.516352089983
23	3113	7.65435917974	0	0.217391304348	0.454545454545	0.516352089983
24	3033	7.56444374922	0	0.208333333333	0.454545454545	0.516352089983
25	1901	7.49929743251	0	0.2	0.454545454545	0.516352089983
26	2834	7.47367183578	0	0.192307692308	0.454545454545	0.516352089983
27	1223	7.43729869722	1	0.222222222222	0.545454545455	0.519025958955
28	2944	7.32492716098	0	0.214285714286	0.545454545455	0.519025958955
29	2598	7.28937207862	0	0.206896551724	0.545454545455	0.519025958955
30	405	7.23635942239	0	0.2	0.545454545455	0.519025958955
31	2648	7.19541313561	0	0.193548387097	0.545454545455	0.519025958955
32	3099	7.16532469611	0	0.1875	0.545454545455	0.519025958955
33	2929	7.13103534307	0	0.181818181818	0.545454545455	0.519025958955
34	2904	6.79302834484	0	0.176470588235	0.545454545455	0.519025958955
35	1973	6.76771661617	0	0.171428571429	0.545454545455	0.519025958955
36	3054	6.75658522667	0	0.166666666667	0.545454545455	0.519025958955
37	3171	6.66741021246	0	0.162162162162	0.545454545455	0.519025958955
38	2816	6.61917245442	0	0.157894736842	0.545454545455	0.519025958955
39	3106	6.61292462797	0	0.153846153846	0.545454545455	0.519025958955
40	2819	6.55534946658	0	0.15	0.545454545455	0.519025958955
41	1195	6.50661521919	0	0.146341463415	0.545454545455	0.519025958955
42	2885	6.39238788002	0	0.142857142857	0.545454545455	0.519025958955
43	3103	6.34461334788	0	0.139534883721	0.545454545455	0.519025958955
44	1542	6.320098801	0	0.136363636364	0.545454545455	0.519025958955
45	2253	6.21864327027	0	0.133333333333	0.545454545455	0.519025958955
46	2623	6.17353098392	0	0.130434782609	0.545454545455	0.519025958955
47	2490	6.07437939757	0	0.127659574468	0.545454545455	0.519025958955
48	2855	6.02480304518	0	0.125	0.545454545455	0.519025958955
49	124	5.89680608729	0	0.122448979592	0.545454545455	0.519025958955
50	1235	5.89165517645	0	0.12	0.545454545455	0.519025958955
51	940	5.82317330963	0	0.117647058824	0.545454545455	0.519025958955
52	1552	5.79742435497	0	0.115384615385	0.545454545455	0.519025958955
53	1694	5.77752600196	0	0.11320754717	0.545454545455	0.519025958955
54	3057	5.67362600108	0	0.111111111111	0.545454545455	0.519025958955
55	3053	5.66580151845	0	0.109090909091	0.545454545455	0.519025958955
56	2220	5.64308227264	0	0.107142857143	0.545454545455	0.519025958955
57	867	5.61360835756	0	0.105263157895	0.545454545455	0.519025958955
58	2711	5.59651275186	0	0.103448275862	0.545454545455	0.519025958955
59	2858	5.58112213968	0	0.101694915254	0.545454545455	0.519025958955
60	2078	5.57166233663	0	0.1	0.545454545455	0.519025958955
61	2745	5.55121247982	0	0.0983606557377	0.545454545455	0.519025958955
62	2464	5.52854252877	0	0.0967741935484	0.545454545455	0.519025958955
63	2423	5.52544132519	0	0.0952380952381	0.545454545455	0.519025958955
64	1564	5.46723332484	0	0.09375	0.545454545455	0.519025958955
65	3072	5.35522344769	0	0.0923076923077	0.545454545455	0.519025958955
66	2787	5.35386134372	0	0.0909090909091	0.545454545455	0.519025958955
67	2389	5.32021624334	0	0.089552238806	0.545454545455	0.519025958955
68	1655	5.29416096287	0	0.0882352941176	0.545454545455	0.519025958955
69	3074	5.28784378441	0	0.0869565217391	0.545454545455	0.519025958955
70	1066	5.2705415646	0	0.0857142857143	0.545454545455	0.519025958955
71	2185	5.25080462728	0	0.0845070422535	0.545454545455	0.519025958955
72	1999	5.21335819675	0	0.0833333333333	0.545454545455	0.519025958955
73	1566	5.20965041231	0	0.0821917808219	0.545454545455	0.519025958955
74	2374	5.18288783604	0	0.0810810810811	0.545454545455	0.519025958955
75	1231	5.17360709107	1	0.0933333333333	0.636363636364	0.513372398444
76	3110	5.15190359966	0	0.0921052631579	0.636363636364	0.513372398444
77	2651	5.06086526134	0	0.0909090909091	0.636363636364	0.513372398444
78	1369	5.02249736804	0	0.0897435897436	0.636363636364	0.513372398444
79	1389	4.96616831254	0	0.0886075949367	0.636363636364	0.513372398444
80	2964	4.9605460687	0	0.0875	0.636363636364	0.513372398444
81	1362	4.95240759787	0	0.0864197530864	0.636363636364	0.513372398444
82	849	4.94011890131	0	0.0853658536585	0.636363636364	0.513372398444
83	48	4.92030061799	0	0.0843373493976	0.636363636364	0.513372398444
84	1670	4.90795465231	0	0.0833333333333	0.636363636364	0.513372398444
85	2346	4.88520399058	0	0.0823529411765	0.636363636364	0.513372398444
86	1134	4.88091452109	0	0.0813953488372	0.636363636364	0.513372398444
87	1756	4.86791192722	0	0.0804597701149	0.636363636364	0.513372398444
88	3169	4.86422139673	0	0.0795454545455	0.636363636364	0.513372398444
89	2857	4.86276521143	0	0.0786516853933	0.636363636364	0.513372398444
90	1651	4.85990492444	0	0.0777777777778	0.636363636364	0.513372398444
91	3067	4.85739583055	0	0.0769230769231	0.636363636364	0.513372398444
92	2006	4.85074184885	0	0.0760869565217	0.636363636364	0.513372398444
93	2835	4.84523667178	0	0.0752688172043	0.636363636364	0.513372398444
94	1652	4.84493857908	0	0.0744680851064	0.636363636364	0.513372398444
95	1172	4.83677030623	0	0.0736842105263	0.636363636364	0.513372398444
96	2437	4.80406799645	0	0.0729166666667	0.636363636364	0.513372398444
97	2729	4.78325592848	0	0.0721649484536	0.636363636364	0.513372398444
98	3083	4.75922128945	0	0.0714285714286	0.636363636364	0.513372398444
99	1088	4.75902999427	0	0.0707070707071	0.636363636364	0.513372398444
100	2888	4.75683686149	0	0.07	0.636363636364	0.513372398444
P@20: 0.25
AVG_P: 0.3120861678
