Rank	DocId	Doc_Score	Relevance Level	Precision	Recall	NDCG
1	3127	14.4047655861	1	1.0	0.2	1.0
2	2246	10.4300338515	1	1.0	0.4	1.0
3	1930	8.58993306044	0	0.666666666667	0.4	1.0
4	3196	8.38198279682	0	0.5	0.4	1.0
5	3068	5.50835485609	0	0.4	0.4	1.0
6	2593	5.46049930842	0	0.333333333333	0.4	1.0
7	2740	5.34302034853	0	0.285714285714	0.4	1.0
8	2319	5.33662645287	0	0.25	0.4	1.0
9	2379	5.18956099968	0	0.222222222222	0.4	1.0
10	1680	5.13855791156	0	0.2	0.4	1.0
11	2629	5.05837987588	1	0.272727272727	0.6	0.870059272092
12	1591	5.05455708625	0	0.25	0.6	0.870059272092
13	1462	5.00802463223	0	0.230769230769	0.6	0.870059272092
14	1461	4.97108734918	0	0.214285714286	0.6	0.870059272092
15	2632	4.93377221145	0	0.2	0.6	0.870059272092
16	2597	4.86900253636	0	0.1875	0.6	0.870059272092
17	2735	4.83369002409	0	0.176470588235	0.6	0.870059272092
18	2482	4.75462119312	0	0.166666666667	0.6	0.870059272092
19	1236	4.74948296249	0	0.157894736842	0.6	0.870059272092
20	2796	4.71500889359	0	0.15	0.6	0.870059272092
21	2424	4.71415392181	0	0.142857142857	0.6	0.870059272092
22	1033	4.68388804671	0	0.136363636364	0.6	0.870059272092
23	1755	4.63541333073	0	0.130434782609	0.6	0.870059272092
24	1750	4.56278230776	0	0.125	0.6	0.870059272092
25	1472	4.55762022252	0	0.12	0.6	0.870059272092
26	2357	4.55595021398	0	0.115384615385	0.6	0.870059272092
27	2541	4.55374334539	0	0.111111111111	0.6	0.870059272092
28	2868	4.52200601203	0	0.107142857143	0.6	0.870059272092
29	2317	4.48297381904	0	0.103448275862	0.6	0.870059272092
30	2111	4.46723135553	0	0.1	0.6	0.870059272092
31	2920	4.44558765221	0	0.0967741935484	0.6	0.870059272092
32	2080	4.44212901284	1	0.125	0.8	0.794992229857
33	2867	4.43335368086	0	0.121212121212	0.8	0.794992229857
34	1334	4.42571873876	0	0.117647058824	0.8	0.794992229857
35	1534	4.39257710046	0	0.114285714286	0.8	0.794992229857
36	1247	4.37308848792	0	0.111111111111	0.8	0.794992229857
37	2840	4.36917444064	0	0.108108108108	0.8	0.794992229857
38	1728	4.35860666131	0	0.105263157895	0.8	0.794992229857
39	3025	4.34694077517	0	0.102564102564	0.8	0.794992229857
40	2378	4.30276887958	0	0.1	0.8	0.794992229857
41	2064	4.28473750818	0	0.0975609756098	0.8	0.794992229857
42	1519	4.27120433085	0	0.0952380952381	0.8	0.794992229857
43	2153	4.26061818391	0	0.093023255814	0.8	0.794992229857
44	2798	4.20730094875	0	0.0909090909091	0.8	0.794992229857
45	1657	4.20326937776	0	0.0888888888889	0.8	0.794992229857
46	2126	4.19626624885	0	0.0869565217391	0.8	0.794992229857
47	2372	4.18818071031	0	0.0851063829787	0.8	0.794992229857
48	1168	4.14831563512	0	0.0833333333333	0.8	0.794992229857
49	1766	4.14268501797	0	0.0816326530612	0.8	0.794992229857
50	2399	4.13380336277	0	0.08	0.8	0.794992229857
51	1752	4.13066484154	0	0.078431372549	0.8	0.794992229857
52	2320	4.12808910078	0	0.0769230769231	0.8	0.794992229857
53	3089	4.09605689388	0	0.0754716981132	0.8	0.794992229857
54	585	4.09330723265	0	0.0740740740741	0.8	0.794992229857
55	972	4.09330723265	0	0.0727272727273	0.8	0.794992229857
56	1912	4.0917475942	0	0.0714285714286	0.8	0.794992229857
57	2069	4.08388275449	0	0.0701754385965	0.8	0.794992229857
58	322	4.0779795308	0	0.0689655172414	0.8	0.794992229857
59	2092	4.04756332857	0	0.0677966101695	0.8	0.794992229857
60	3174	4.02324756406	0	0.0666666666667	0.8	0.794992229857
61	1324	4.02164117785	0	0.0655737704918	0.8	0.794992229857
62	1902	3.99411777973	0	0.0645161290323	0.8	0.794992229857
63	1853	3.94990635166	0	0.0634920634921	0.8	0.794992229857
64	1264	3.94804415973	0	0.0625	0.8	0.794992229857
65	1747	3.94406599316	0	0.0615384615385	0.8	0.794992229857
66	2218	3.92419703872	0	0.0606060606061	0.8	0.794992229857
67	1938	3.92095808899	0	0.0597014925373	0.8	0.794992229857
68	2777	3.91866404872	0	0.0588235294118	0.8	0.794992229857
69	1071	3.90711514724	0	0.0579710144928	0.8	0.794992229857
70	1163	3.88289971859	0	0.0571428571429	0.8	0.794992229857
71	1923	3.88289971859	0	0.056338028169	0.8	0.794992229857
72	1749	3.87809350264	0	0.0555555555556	0.8	0.794992229857
73	3137	3.87540924659	0	0.0547945205479	0.8	0.794992229857
74	3087	3.83640913732	0	0.0540540540541	0.8	0.794992229857
75	1464	3.81382320372	0	0.0533333333333	0.8	0.794992229857
76	1951	3.81153887855	0	0.0526315789474	0.8	0.794992229857
77	2950	3.80529032209	0	0.0519480519481	0.8	0.794992229857
78	1533	3.80342346067	0	0.0512820512821	0.8	0.794992229857
79	252	3.79628914092	0	0.0506329113924	0.8	0.794992229857
80	1108	3.79592521495	0	0.05	0.8	0.794992229857
81	202	3.78912343071	0	0.0493827160494	0.8	0.794992229857
82	1751	3.77195780904	0	0.0487804878049	0.8	0.794992229857
83	2219	3.76480369903	0	0.0481927710843	0.8	0.794992229857
84	2536	3.76157775344	0	0.047619047619	0.8	0.794992229857
85	1034	3.74695328474	0	0.0470588235294	0.8	0.794992229857
86	2151	3.74568218564	0	0.046511627907	0.8	0.794992229857
87	1924	3.7432640327	0	0.0459770114943	0.8	0.794992229857
88	2618	3.72388426877	0	0.0454545454545	0.8	0.794992229857
89	2681	3.72114729986	0	0.0449438202247	0.8	0.794992229857
90	1226	3.69685317793	0	0.0444444444444	0.8	0.794992229857
91	3023	3.68484787671	0	0.043956043956	0.8	0.794992229857
92	2624	3.67380590937	0	0.0434782608696	0.8	0.794992229857
93	2741	3.67380590937	0	0.0430107526882	0.8	0.794992229857
94	2065	3.65910673853	0	0.0425531914894	0.8	0.794992229857
95	2105	3.64165791635	0	0.0421052631579	0.8	0.794992229857
96	2358	3.63197766573	0	0.0416666666667	0.8	0.794992229857
97	1960	3.62663035662	0	0.0412371134021	0.8	0.794992229857
98	1652	3.62294370302	0	0.0408163265306	0.8	0.794992229857
99	2621	3.59549969946	0	0.040404040404	0.8	0.794992229857
100	2582	3.58373097857	0	0.04	0.8	0.794992229857
P@20: 0.15
AVG_P: 0.599431818182
